This Jupyter Notebook from the TensorFlow website was an initial cut at trying
Neural Networks for classification of our MFM CSL data. It worked reasonably well,
especially since it wasn't tuned very much.

Here is a quick dump of the statistical results:
loss :  0.49612918496131897
tp :  1884.0
fp :  13727.0
tn :  21287.0
fn :  185.0
accuracy :  0.624841570854187
precision :  0.12068413197994232
recall :  0.9105848073959351
mcc :  0.24033205211162567
f2 :  0.050804946571588516
specificity :  0.6083132028579712
ntp :  505.2105407714844
nfn :  49.21052551269531
nfp :  3698.894775390625
ntn :  5744.78955078125
auc :  0.8215614557266235
prc :  0.18538840115070343
f2 = 0.3943567585211826
